hop,n_queries,total_evals,unique_nodes,sharing_rate,avg_evals
0,1000,28821,22576,0.21668228028173897,28.821
1,1000,25240,22789,0.097107765451664,25.24
2,1000,24835,23022,0.07300181195892896,24.835
3,999,24803,22893,0.0770068136918921,24.82782782782783
4,1000,24369,22740,0.06684722393204479,24.369
5,1000,24078,22494,0.06578619486668325,24.078
6,998,23792,22385,0.05913752521856086,23.839679358717436
7,999,23488,22099,0.059136580381471404,23.51151151151151
8,998,23476,22193,0.05465155903901853,23.52304609218437
9,997,23480,22104,0.058603066439522955,23.550651955867604
10,997,23090,21800,0.05586834127327844,23.159478435305918
11,1000,22729,21493,0.054379867130098125,22.729
12,998,22365,21075,0.057679409792085856,22.409819639278556
13,996,22429,21338,0.048642382629631276,22.519076305220885
14,995,22527,21404,0.049851289563634715,22.640201005025126
15,996,21977,20935,0.04741320471401922,22.065261044176708
16,996,21960,20858,0.050182149362477224,22.048192771084338
17,998,21628,20482,0.05298686887368231,21.671342685370742
18,997,21531,20575,0.044401096094004,21.59578736208626
19,997,21082,20095,0.04681719001992224,21.14543630892678
20,997,21410,20483,0.043297524521251796,21.474423269809428
21,997,21288,20394,0.04199549041713646,21.352056168505516
22,997,21245,20266,0.04608143092492356,21.30892678034102
23,997,21211,20208,0.04728678515864415,21.27482447342026
24,996,21224,20270,0.04494911421032788,21.309236947791163
25,997,21323,20304,0.047788772686770176,21.38716148445336
26,996,20596,19707,0.04316372111089528,20.67871485943775
27,996,20762,19862,0.04334842500722469,20.84538152610442
28,999,20766,19787,0.0471443706057979,20.786786786786788
29,999,20588,19594,0.048280551777734604,20.60860860860861
30,994,20435,19440,0.048690971372645,20.558350100603622
31,998,20337,19567,0.03786202488075918,20.377755511022045
32,998,20405,19573,0.040774320019603016,20.445891783567134
33,999,20187,19274,0.04522712636845494,20.207207207207208
34,998,20171,19429,0.03678548411085225,20.211422845691384
35,997,20043,19229,0.040612682732125926,20.10330992978937
36,997,19939,19209,0.03661166558001905,19.99899699097292
37,998,20056,19334,0.03599920223374553,20.096192384769537
38,995,19841,19095,0.03759891134519433,19.94070351758794
39,997,19768,18899,0.04395993524888708,19.827482447342025
40,998,19952,19183,0.038542502004811574,19.991983967935873
41,998,19997,19106,0.044556683502525396,20.037074148296593
42,996,19925,19015,0.045671267252195724,20.005020080321284
43,998,19802,18968,0.04211695788304215,19.841683366733466
44,996,19688,18895,0.04027834213734249,19.76706827309237
45,998,19472,18792,0.03492193919474118,19.511022044088175
46,997,19575,18823,0.03841634738186461,19.633901705115345
47,996,19720,18884,0.04239350912778905,19.799196787148595
48,997,19753,19003,0.03796891611400799,19.812437311935806
49,996,19600,18920,0.03469387755102038,19.67871485943775
50,992,19362,18673,0.03558516682160939,19.518145161290324
51,997,19728,18926,0.04065287915652882,19.787362086258778
52,997,19204,18462,0.03863778379504268,19.261785356068206
53,998,19261,18579,0.03540833809251853,19.299599198396795
54,995,19399,18617,0.040311356255477104,19.496482412060303
55,998,19332,18504,0.04283054003724396,19.370741482965933
56,998,19381,18626,0.03895567824157675,19.419839679358716
57,993,19193,18463,0.03803470015109678,19.328298086606242
58,997,18930,18194,0.03888008452192282,18.986960882647942
59,993,18858,18158,0.03711952487008163,18.99093655589124
60,998,19421,18609,0.04181041141032904,19.45991983967936
61,998,18794,18025,0.04091731403639465,18.831663326653306
62,995,18604,17941,0.03563749731240595,18.69748743718593
63,995,18798,18203,0.0316523034365358,18.89246231155779
64,993,18670,17924,0.03995715050883775,18.80161127895267
65,995,18853,18186,0.035378984776958555,18.947738693467336
66,996,18376,17704,0.03656943839791027,18.449799196787147
67,997,18135,17461,0.037165701681830754,18.189568706118354
68,997,18473,17871,0.0325881015536188,18.528585757271816
69,994,18625,17947,0.03640268456375839,18.7374245472837
70,995,18496,17882,0.03319636678200688,18.58894472361809
71,1000,18800,18091,0.03771276595744677,18.8
72,997,18840,18136,0.03736730360934182,18.89669007021063
73,995,18272,17564,0.038747810858143605,18.363819095477385
74,995,18700,18040,0.03529411764705881,18.79396984924623
75,997,18175,17535,0.03521320495185698,18.229689067201605
76,998,18427,17759,0.03625115319910999,18.46392785571142
77,997,18348,17715,0.03449967298888157,18.40320962888666
78,996,18152,17455,0.0383979726751873,18.224899598393574
79,998,18122,17445,0.03735790751572676,18.158316633266534
80,995,17821,17224,0.033499803602491496,17.910552763819094
81,998,18533,17959,0.030971780067986843,18.570140280561123
82,998,18415,17682,0.03980450719522133,18.45190380761523
83,996,17977,17291,0.038159870946209096,18.049196787148595
84,996,18354,17640,0.0389016018306636,18.427710843373493
85,998,18292,17666,0.034222610977476475,18.328657314629258
86,999,17940,17297,0.03584169453734676,17.95795795795796
87,999,18431,17801,0.03418154196733769,18.44944944944945
88,998,18106,17508,0.033027725615818015,18.142284569138276
89,997,18233,17656,0.031645916744364566,18.287863590772318
90,993,18106,17447,0.036396774549873,18.23363544813696
91,999,17955,17327,0.03497632971317177,17.972972972972972
92,997,18270,17576,0.03798576902025175,18.324974924774324
93,996,17931,17385,0.030450058557804915,18.003012048192772
94,999,17898,17271,0.035031847133757954,17.915915915915917
95,996,17590,17003,0.03337123365548611,17.660642570281123
96,992,17678,17015,0.037504242561375745,17.820564516129032
97,997,17474,16945,0.030273549273205913,17.526579739217652
98,1000,17514,16910,0.03448669635719992,17.514
99,994,17526,16960,0.03229487618395521,17.6317907444668
100,726,12988,12630,0.027563905143209166,17.889807162534435
101,502,9164,8995,0.018441728502837207,18.254980079681275
102,334,6189,6075,0.01841977702375186,18.52994011976048
103,231,4264,4229,0.008208255159474653,18.458874458874458
104,152,2788,2739,0.017575322812051652,18.342105263157894
105,111,2052,2028,0.011695906432748537,18.486486486486488
106,78,1554,1548,0.0038610038610038533,19.923076923076923
107,59,1174,1173,0.0008517887563883608,19.89830508474576
