hop,n_queries,total_evals,unique_nodes,sharing_rate,avg_evals
0,1000,32000,32,0.999,32.0
1,1000,31049,918,0.9704338303971143,31.049
2,1000,30936,9576,0.6904577191621413,30.936
3,1000,30634,19470,0.36443167722138803,30.634
4,1000,30299,24280,0.1986534209049804,30.299
5,1000,30104,25968,0.13739038001594472,30.104
6,1000,29758,26537,0.10823980106189934,29.758
7,1000,29311,26511,0.09552727644911463,29.311
8,999,29067,26750,0.07971238861939656,29.096096096096097
9,1000,28493,26533,0.06878882532551855,28.493
10,998,28208,26229,0.07015740215541688,28.26452905811623
11,999,28108,26401,0.06073004126938952,28.136136136136138
12,999,27593,25825,0.06407422172290078,27.62062062062062
13,1000,27566,25958,0.05833272872379014,27.566
14,1000,26975,25403,0.05827618164967563,26.975
15,999,27034,25369,0.06158911000961753,27.06106106106106
16,997,26763,25335,0.053357246945409664,26.843530591775327
17,1000,26763,25328,0.05361880207749503,26.763
18,1000,26159,24833,0.050690011086050646,26.159
19,997,26092,24806,0.049287137820021476,26.17051153460381
20,1000,25923,24816,0.04270339081124874,25.923
21,1000,26071,24874,0.04591308350274248,26.071
22,997,25862,24625,0.04783079421545122,25.939819458375126
23,997,25369,24133,0.04872087981394613,25.44533600802407
24,999,25574,24295,0.05001173066395559,25.5995995995996
25,1000,25346,24121,0.04833109760909016,25.346
26,997,25277,24096,0.04672231673062466,25.353059177532597
27,1000,25431,24193,0.048680743973890106,25.431
28,999,25123,23936,0.04724754209290294,25.14814814814815
29,999,24819,23677,0.046013135098110336,24.843843843843842
30,997,24660,23580,0.04379562043795615,24.73420260782347
31,994,24683,23585,0.04448405785358345,24.83199195171026
32,997,24873,23785,0.04374221042897919,24.947843530591776
33,998,24385,23247,0.04666803362722982,24.43386773547094
34,998,24567,23370,0.04872389791183296,24.61623246492986
35,996,24344,23336,0.04140650673677293,24.44176706827309
36,1000,24384,23258,0.04617782152230976,24.384
37,1000,24032,23009,0.04256824234354195,24.032
38,996,23961,22984,0.04077459204540712,24.05722891566265
39,1000,24151,23217,0.038673346859343316,24.151
40,999,23659,22654,0.042478549389238784,23.68268268268268
41,998,24144,23094,0.04348906560636179,24.19238476953908
42,998,23909,22858,0.043958342046927945,23.95691382765531
43,998,23744,22793,0.04005222371967654,23.791583166332664
44,998,23539,22695,0.03585538892901141,23.58617234468938
45,999,23713,22716,0.04204444819297437,23.736736736736738
46,997,23484,22473,0.04305058763413383,23.55466399197593
47,997,23278,22326,0.040896984276999726,23.34804413239719
48,1000,23189,22288,0.03885462935012285,23.189
49,997,23542,22474,0.04536572933480587,23.61283851554664
50,999,23278,22275,0.04308789414898184,23.3013013013013
51,998,23158,22193,0.04167026513515848,23.204408817635272
52,1000,23431,22487,0.04028850667918571,23.431
53,998,22968,22129,0.036529083942877016,23.014028056112224
54,998,23004,22110,0.038862806468440314,23.050100200400802
55,998,23114,22202,0.03945660638574022,23.160320641282564
56,999,22893,22007,0.03870178657231471,22.915915915915917
57,997,22985,21982,0.04363715466608653,23.05416248746239
58,999,22783,21927,0.03757187376552695,22.805805805805807
59,999,22840,21936,0.03957968476357265,22.862862862862862
60,997,22661,21718,0.04161334451259879,22.729187562688065
61,998,22689,21829,0.03790383004980391,22.73446893787575
62,997,22877,21929,0.0414389998688639,22.94583751253761
63,997,22675,21766,0.0400882028665932,22.743229689067203
64,999,22477,21639,0.03728255550117898,22.4994994994995
65,999,22666,21733,0.04116297538162883,22.68868868868869
66,998,22581,21682,0.039812231522076136,22.62625250501002
67,999,22219,21372,0.03812052747648409,22.24124124124124
68,995,22379,21599,0.034854104294204435,22.491457286432162
69,998,22158,21399,0.03425399404278362,22.20240480961924
70,996,22039,21250,0.03580017242161626,22.127510040160644
71,999,22061,21219,0.03816690086578123,22.083083083083082
72,1000,22366,21552,0.03639452740767235,22.366
73,996,22025,21182,0.038274687854710554,22.113453815261042
74,998,21877,21146,0.03341408785482469,21.920841683366735
75,999,22315,21519,0.03567107326910146,22.33733733733734
76,999,22191,21358,0.037537740525438235,22.213213213213212
77,999,21865,21087,0.03558198033386695,21.886886886886888
78,1000,21907,21117,0.036061532843383426,21.907
79,999,22036,21232,0.036485750589943744,22.05805805805806
80,998,22000,21254,0.03390909090909089,22.044088176352705
81,998,21824,21003,0.037619134897360684,21.867735470941884
82,999,22152,21300,0.038461538461538436,22.174174174174173
83,998,21883,21021,0.03939130832152815,21.92685370741483
84,999,21821,20955,0.03968654048852027,21.842842842842842
85,998,21655,20883,0.03564996536596632,21.698396793587175
86,999,21592,20841,0.03478140051871059,21.613613613613612
87,999,21655,20877,0.03592703763564997,21.676676676676678
88,1000,21485,20653,0.038724691645333986,21.485
89,999,21555,20731,0.0382277893760149,21.576576576576578
90,1000,21385,20631,0.03525835866261395,21.385
91,1000,21368,20596,0.03612879071508801,21.368
92,999,21304,20577,0.03412504693954188,21.325325325325327
93,1000,21535,20815,0.03343394474111916,21.535
94,999,21185,20483,0.03313665329242388,21.206206206206208
95,998,21691,20912,0.03591351251671204,21.73446893787575
96,999,21023,20296,0.034581173000998944,21.044044044044043
97,1000,21135,20392,0.035154956233735546,21.135
98,999,21310,20605,0.03308305959643365,21.33133133133133
99,997,21172,20426,0.03523521632344606,21.235707121364094
100,992,20858,20177,0.03264934317767765,21.026209677419356
101,963,20413,19689,0.03546759418017931,21.19730010384216
102,909,19116,18595,0.027254655785729276,21.02970297029703
103,794,16705,16234,0.028195151152349607,21.03904282115869
104,639,13457,13132,0.024150999479824575,21.059467918622847
105,491,10319,10076,0.023548793487741082,21.016293279022403
106,355,7501,7348,0.020397280362618342,21.12957746478873
107,254,5498,5391,0.019461622408148416,21.64566929133858
108,184,4076,4004,0.017664376840039298,22.152173913043477
109,126,2887,2818,0.023900242466227906,22.91269841269841
110,88,2056,2019,0.01799610894941639,23.363636363636363
111,62,1426,1402,0.016830294530154277,23.0
