hop,n_queries,total_evals,unique_nodes,sharing_rate,avg_evals
0,1000,32000,32,0.999,32.0
1,1000,31253,935,0.9700828720442838,31.253
2,1000,30924,9394,0.6962229983184581,30.924
3,1000,30761,19118,0.37849874841520104,30.761
4,1000,30420,23843,0.2162064431295201,30.42
5,1000,30169,26215,0.1310616858364546,30.169
6,999,29718,27013,0.09102227606164615,29.74774774774775
7,1000,29358,27402,0.06662579194768037,29.358
8,1000,28960,27424,0.053038674033149213,28.96
9,1000,28579,26813,0.06179362468945726,28.579
10,1000,28016,26700,0.046973158195317,28.016
11,1000,27491,26311,0.04292313848168494,27.491
12,999,27343,26089,0.045861829353033734,27.37037037037037
13,1000,27109,25904,0.04445018259618572,27.109
14,1000,26779,25740,0.03879905896411362,26.779
15,1000,26392,25256,0.04304334646862684,26.392
16,999,26225,25230,0.03794089609151574,26.25125125125125
17,1000,26049,25048,0.038427578793811645,26.049
18,999,26093,25132,0.03682980109607936,26.11911911911912
19,1000,25985,25063,0.035482008851260294,25.985
20,1000,25575,24633,0.03683284457478009,25.575
21,999,25579,24634,0.03694436842722548,25.604604604604603
22,999,25400,24472,0.03653543307086615,25.425425425425427
23,999,25106,24130,0.03887516928224333,25.13113113113113
24,999,25073,24173,0.03589518605671438,25.0980980980981
25,998,25070,24197,0.034822497008376585,25.120240480961925
26,999,24898,23987,0.036589284279861856,24.922922922922922
27,1000,24796,23941,0.034481367962574616,24.796
28,1000,24645,23785,0.03489551633191312,24.645
29,1000,24575,23769,0.03279755849440491,24.575
30,999,24584,23633,0.03868369671330951,24.60860860860861
31,999,24236,23405,0.03428783627661325,24.26026026026026
32,1000,24226,23433,0.03273342689672254,24.226
33,999,24021,23135,0.03688439282294664,24.045045045045047
34,999,24193,23350,0.034844789815235866,24.217217217217218
35,998,23793,22999,0.033371159584751786,23.84068136272545
36,999,23700,22877,0.03472573839662452,23.723723723723722
37,1000,23522,22729,0.03371311963268431,23.522
38,999,23742,22917,0.03474854687894868,23.765765765765767
39,1000,23493,22762,0.031115651470650874,23.493
40,1000,23529,22785,0.031620553359683834,23.529
41,999,23402,22647,0.03226219981198186,23.425425425425427
42,1000,23321,22508,0.034861283821448485,23.321
43,998,23220,22481,0.03182601205857016,23.266533066132265
44,1000,23296,22559,0.03163633241758246,23.296
45,1000,23241,22522,0.030936706682156534,23.241
46,999,23051,22275,0.03366448310268533,23.074074074074073
47,999,22900,22149,0.032794759825327535,22.922922922922922
48,997,22904,22108,0.034753754802654524,22.972918756268808
49,999,22948,22204,0.032421126024054336,22.97097097097097
50,999,22904,22211,0.03025672371638144,22.926926926926928
51,1000,22808,22071,0.03231322343037535,22.808
52,999,22818,22161,0.028793058112016823,22.84084084084084
53,998,22405,21711,0.03097522874358405,22.449899799599198
54,1000,22621,21920,0.0309889041156447,22.621
55,1000,22302,21607,0.03116312438346336,22.302
56,998,22516,21820,0.03091135192751826,22.561122244488978
57,999,22303,21583,0.03228265255795182,22.325325325325327
58,999,22214,21579,0.028585576663365475,22.236236236236238
59,1000,22208,21550,0.029628962536023096,22.208
60,999,22040,21372,0.030308529945553553,22.06206206206206
61,998,22315,21650,0.02980058256777951,22.359719438877754
62,1000,21802,21157,0.02958444179433084,21.802
63,996,22022,21390,0.028698574153119605,22.110441767068274
64,998,21763,21074,0.03165923815650418,21.806613226452907
65,999,21815,21208,0.027824891129956453,21.836836836836838
66,999,21926,21192,0.03347623825595181,21.94794794794795
67,999,21990,21254,0.03346975898135518,22.01201201201201
68,995,21671,21022,0.02994785658252963,21.77989949748744
69,997,21551,20944,0.028165746369077982,21.615847542627883
70,996,21747,21049,0.03209638111003821,21.83433734939759
71,997,21583,20915,0.030950284946485662,21.647943831494484
72,997,21630,21012,0.02857142857142858,21.695085255767303
73,997,21595,20837,0.03510071775874046,21.659979939819458
74,998,21178,20545,0.029889507979979246,21.220440881763526
75,997,21374,20720,0.030597922709834413,21.438314944834502
76,1000,21351,20707,0.03016252166174882,21.351
77,1000,21106,20488,0.02928077323983702,21.106
78,999,21171,20552,0.029238108733645074,21.19219219219219
79,1000,21352,20786,0.02650805545147994,21.352
80,1000,21154,20560,0.02807979578330344,21.154
81,999,21162,20582,0.027407617427464337,21.183183183183182
82,999,21159,20549,0.02882933976085822,21.18018018018018
83,1000,21276,20691,0.027495769881556664,21.276
84,998,20870,20280,0.028270244369908992,20.91182364729459
85,1000,21261,20679,0.027374065189784136,21.261
86,1000,21116,20524,0.028035612805455634,21.116
87,997,21089,20464,0.029636303286073362,21.15245737211635
88,997,20934,20356,0.02761058565013852,20.996990972918756
89,998,20723,20036,0.03315157071852526,20.76452905811623
90,997,20786,20214,0.02751852208217065,20.848545636910732
91,999,20862,20287,0.027562074585370522,20.882882882882882
92,998,20680,20077,0.029158607350096677,20.721442885771545
93,1000,20720,20157,0.02717181467181462,20.72
94,999,20790,20166,0.03001443001443005,20.81081081081081
95,1000,20869,20277,0.02836743495136329,20.869
96,998,20618,20053,0.02740323988747695,20.65931863727455
97,1000,20627,20019,0.02947592960682599,20.627
98,997,20675,20081,0.02873035066505436,20.737211634904714
99,1000,20691,20162,0.025566671499685834,20.691
100,993,20050,19505,0.027182044887780532,20.191339375629404
101,959,19338,18868,0.024304478229392856,20.16475495307612
102,884,17921,17563,0.0199765638078232,20.27262443438914
103,770,15466,15207,0.01674641148325362,20.085714285714285
104,595,11404,11255,0.01306559102069449,19.166386554621848
105,406,7812,7706,0.013568868407578094,19.24137931034483
106,283,5347,5282,0.012156349354778384,18.89399293286219
107,180,3494,3465,0.008299942759015466,19.41111111111111
108,115,2313,2280,0.014267185473411104,20.11304347826087
109,74,1402,1402,0.0,18.945945945945947
110,51,956,955,0.0010460251046024993,18.745098039215687
